0000000000000000000000000000000
8548066369033108825887037866050
0700060009000700080009000004010
0763028609881427159708681501080
0007000400000800000900000408010
0381220941020804982407729901030
0600000009020604000004000005080
0905991469390408417602630618480
0101000000000200000200090006000
0509053909982102889602095305040
0801000908000001000001000108010
0205965503012707045305021503910
0700090005000307080605080008000
0801190693528804580148056106890
0904000500000000000004000407000
0676039803430838921335630401190
0000000007020100000000000100010
0502588513016907967336680621720
0305000000070006050000070800000
0337068926110287055546055534417
0000000000000000000000000000000
|
goal / energy
13 1395
|
position
0 1
|
7 10
15 6
23 5
12 13
27 11
20 17
5 17
27 15
19 11
25 10
27 14
9 9
1 2
4 11
23 7
17 9