0000000000000000000000000000000
2118570393487230451686356948210
0000980590000490450000030000270
0783968620894734490574246539580
0930000070000100000280000100000
0934994398330930626260556110410
0000490000110970870000150480440
0520860820736790748639390860420
0880540220000000050000000280770
0290380420341432340128520968210
0980470620490000390380000000340
0520750599750231360682383968580
0910490000010000420000200000390
0590122421230256873589995930370
0690000000580210910000000860660
0180727360930130156249110794730
0640120550110000080000780000710
0377660350560436862868760246330
0000550710340680000000000120000
0234160927210539325822980154287
0000000000000000000000000000000
|
goal / energy
16 878
|
position
0 1
|
19 15
10 17
29 15
26 13
17 14
21 11
28 10
25 17
7 13
5 18
23 19
21 1
19 19
1 11
3 5
25 19