27764793689153674318
98653556955267961666
64341647214954141238
34324857417865255356
27481572755837432213
26424631369877759418
13185859184423454254
36916626983713285576
24942574321897544128
69925639261848397592
97388584775549924885
37372341467811887241
89252555915874925665
17929643115247636756
89141827264168119155
22595459766719727511
57247565763631564297
42161616184515151121
79223151527564636631
41492858916399951831
|
goal / energy
6 118
|
position
10 10
|
3 6
14 4
0 13
0 5
19 11
9 3
13 4
11 0
9 1