9877391841963554723296877912538568445451
3467474958266373119399413415128472961131
6166129322354223154168941894412978784792
4848849517656257226326819485438363775166
8537574549621698949455188393573269573263
1314773939721224459371177451235876434612
1916922582482451347322714944789748371485
3131967424118898292187892644289853919727
3933898684513866338333344256889584894523
7867396664868859699743795138172816547615
5995136988446585163268692163322984253392
4392382679313897313974776452343872838464
8953817154239959636931447542169949289485
7578218868758728526475995389861351373526
6652841783387482574938198417545111829711
2225435121252247654443357377673773717565
9954298861644768867258457588539199547837
4915284168317411516721442554231149868949
1826183585872664574649847278653667738843
3967448745125851188825843215935732444214
4942512826319527125234819384417884521792
1333157896427829142237419436117433111695
5148752935165783834632898994729547734635
3335919658283423259857226537959398498398
1499913164196595229582698994924852828325
3225516599874598791128241245786814271158
3551475929492244175362713971338752774113
7447476818736332748415781741461972528976
3895652396993733757736548764713772125335
6217616182443137456897583331728532116777
1555795694896468735476474912921789843924
8624389963433495272893783226626811625146
9267874493358455941273447532781236877995
7773911761229296829353713122578946596157
5556783172951794169888283283791773717144
8253839671892787364519472287987135973811
3256126951717848782653684866724463395761
5829164522947459563251336354554122161777
5245297284484455593829977935398786736726
6362166766125955377372985798739776294862
|
goal / energy
11 559
|
position
20 20
|
35 6
22 39
25 34
28 34
4 7
37 35
20 8
3 17
16 24
22 1
34 24